MapdataStart
12,0,0,0,0,0,0,0,1,5,0,0,0,24,
0,0,0,0,0,0,14,0,1,0,5,0,4,0,
0,0,0,0,0,0,0,11,1,0,0,25,0,4,
19,1,1,1,1,1,1,1,1,0,5,0,0,4,
0,34,34,34,34,34,34,34,34,0,0,0,0,6,
5,0,0,5,0,0,5,0,0,3,0,0,4,0,
34,34,34,34,34,34,34,34,34,34,34,34,0,34,
34,34,34,34,34,34,34,34,34,34,34,34,26,34,
0,0,0,1,34,0,0,0,34,34,34,34,34,34,
0,27,0,1,34,0,29,0,1,4,0,0,6,0,
0,0,0,1,34,0,0,0,1,0,33,0,0,3,
34,21,34,34,34,0,0,0,1,0,34,6,6,0,
34,21,34,34,34,34,34,34,1,0,0,0,4,0,
34,21,34,1,1,0,0,0,1,0,0,0,0,0,
34,21,34,1,1,0,30,0,1,0,5,0,0,3,
34,21,34,1,1,0,0,0,1,5,0,3,0,0,
34,4,34,1,1,1,1,1,1,1,1,19,19,19,
34,14,34,0,31,0,0,0,0,0,1,0,0,0,
34,28,34,0,5,0,0,0,14,32,1,0,2,0,
34,34,34,0,0,0,0,0,0,0,1,0,0,0,
MapdataEnd

NumberofPeopleStart
5,
NumberofPeopleEnd

PlayerdataStart
pos,0,1,
PlayerdataEnd

MissiondataStart
0,3,
1,2,
2,120,
MissiondataEnd

EndLoadFile